4.238
5.927
2.561
9.103
7.854
3.719
6.412
8.205
1.847
4.936
2.376
9.665
7.092
5.317
3.981
6.728
8.621
1.195
4.578
2.934
9.347
7.682
5.076
3.219
6.891
8.452
1.683
4.295
2.810
9.790
7.436
5.624
3.543
6.176
8.039
1.362
4.856
2.193
9.128
7.274
5.731
3.854
6.625
8.784
1.983
4.467
2.450
9.512
7.013
5.164
3.670
6.349
8.937
1.547
4.802
2.021
9.226
7.549
5.438
3.397
6.964
8.176
1.127
4.143
2.674
9.934
7.789
5.865
3.084
6.512
8.310
1.598
4.689
2.287
9.452
7.053
5.217
3.420
6.743
8.912
1.716
4.372
2.567
9.671
7.125
5.512
3.743
6.896
8.639
1.234
4.985
2.134
9.028
7.364
5.823
3.189
6.451
8.547
1.473
4.743